-57
-57
-57
-59
-60
-60
-60
-60
-60
-61
-61
-56
-56
-59
-65
-65
-58
-58
-61
-61
-63
-63
-64
-62
-62
-66
-67
-66
-66
-67
-67
-63
-63
-69
-69
-67
-65
-65
-68
-68
-64
-64
-71
-71
-66
-68
-68
-69
-69
-63
-63
-73
-73
-69
-69
-72
-65
-65
-75
-75
-73
-73
-70
-71
-71
-68
-68
-71
-71
-71
-71
-72
-72
-72
-75
-75
-77
-77
-72
-72
-73
-73
-78
-78
-74
-71
-71
-79
-79
-74
-74
-75
-75
-75
-78
-78
-78
-73
-72
-75
-75
-71
-71
-76
-76
-75
-75
-78
-78
-79
-73
-73
-74
-74
-78
-78
-78
-78
-78
-78
-79
-79
-79
-74
-74
-77
-77
-73
-73
-80
-80
-78
-80
-80
-78
-78
-80
-80
-78
-78
-78
-84
-84
-78
-78
-80
-80
-79
-79
-82
-76
-76
-78
-78
-79
-79
-78
-78
-79
-82
-82
-82
-82
-83
-83
-82
-82
-83
-83
-83
-81
-81
-84
-84
-84
-84
-82
-82
-81
-81
-83
-84
-84
-82
-82
-88
-88
-86
-86
-84
-84
-87
-84
-84
-90
-90
-84
-84
-84
-84
