-58
-56
-56
-58
-58
-60
-60
-62
-62
-61
-61
-61
-60
-60
-54
-54
-58
-58
-56
-59
-59
-64
-64
-65
-65
-60
-60
-68
-68
-68
-68
-68
-70
-70
-61
-71
-66
-66
-64
-64
-69
-68
-68
-63
-73
-73
-65
-65
-69
-69
-69
-69
-59
-59
-77
-68
-68
-74
-74
-61
-61
-80
-80
-74
-68
-68
-71
-71
-66
-66
-71
-71
-70
-73
-73
-74
-74
-77
-77
-80
-80
-72
-75
-75
-80
-80
-74
-74
-70
-84
-73
-73
-74
-74
-74
-80
-80
-82
-82
-71
-71
-69
-69
-74
-68
-68
-76
-76
-73
-73
-78
-78
-81
-81
-69
-72
-72
-79
-79
-79
-79
-78
-78
-79
-79
-79
-79
-73
-76
-76
-69
-69
-82
-82
-78
-78
-82
-78
-78
-80
-80
-77
-77
-76
-76
-86
-86
-77
-81
-81
-79
-79
-83
-83
-73
-73
-75
-77
-77
-76
-76
-78
-78
-84
-84
-81
-81
-83
-82
-82
-85
-85
-83
-83
-81
-81
-87
-85
-85
-81
-81
-79
-79
-83
-83
-86
-86
-83
-83
-83
-84
-84
-83
-83
-87
-87
-89
-89
-89
-85
